Андреева Любовь Дмитриевна 1 0 2 3733804 50001 62 98
Аскарова Эльмина Рамилевна 2 0 2 3733806 40001 39 25
Астафьева Дарья Юрьевна 2 0 1 5130904 40007 29 8
Бабич Дарья Сергеевна 2 0 1 5130201 40002 64 83
Байдакова Маргарита Викторовна 2 0 0 5030102 40004 67 93
Бокова Дарья Александровна 2 0 1 5130904 40007 50 40
Брагина Кира Андреевна 1 0 2 3733806 50003 42 15
Васильева Валерия Игоревна 1 0 3 3834502 50001 26 44
Гайбатов Ренат Рашидович 2 0 1 5130901 40003 99 36
Дёмина Алла 2 0 1 5132704 40001 95 96
Катанаева Алина Валерьевна 2 0 3 3834504 40002 65 23
Кирко Елизавета Руслановна 1 0 3 3834502 50001 59 76
Киселева Ксения Андреевна 2 0 1 5130201 40002 24 63
Ключарева Марина Андреевна 2 2 1 5151001 40003 23 59
Мраморнов Илья Викторович 1 2 1 5151001 50002 76 24
Новоселова Мария Ивановна 2 0 0 5030103 40003 63 87
Племяшова Александра Васильевна 2 0 0 5030103 40003 28 89
Слинкина Василина Дмитриевна 2 0 1 5130203 40002 75 10
Смирнов Дмитрий Даниилович 2 0 0 5030102 40004 74 11
Федоров Александр Александрович 2 0 4 3332201 40001 77 22
Федоров Никита Михайлович 1 2 1 5151003 50002 91 38
Фунтов Никита Романович 1 0 1 5230902 50002 94 71
Якимов Максим Алексеевич 1 0 2 3730105 50002 34 27
